M = 1000;
b = 50;
u = 500;
Kp = 10;
Ki = 20;
Ts = 0.1;